716
129
724
825
557
176
712
383
170
280
466
944
337
936
118
27
930
414
202
288
558
136
928
204
864
734
503
890
995
270
215
164
452
783
92
442
553
234
989
426
90
533
589
184
575
314
585
176
107
249
748
674
799
105
136
925
418
764
93
632
783
900
519
29
272
240
115
902
130
428
881
300
96
168
25
958
28
671
623
727
436
778
753
587
746
398
339
275
454
548
824
55
287
568
692
28
64
492
8
215
616
286
86
184
692
327
461
393
737
237
727
153
461
27
801
468
805
303
258
214
749
181
600
800
779
114
640
34
564
364
492
946
571
392
882
588
927
523
90
642
205
229
512
797
806
387
980
709
923
629
502
109
157
55
133
299
225
595
457
399
749
742
23
153
484
242
438
736
928
101
72
880
97
544
947
180
872
778
113
797
361
326
28
969
313
698
566
703
755
513
752
42
210
420
793
684
234
548
810
189
